30
6
378.170826 414.674816
239.777290 434.032417
97.348002 274.294476
176.611469 95.798539
428.711096 128.546772
473.490635 250.632563
3
640.869594 277.227244
512.083951 201.403447
576.060124 113.141854
3
670.646845 525.162958
724.796434 454.841984
776.881533 509.123790
6
568.502776 553.484802
487.437747 549.340330
481.592066 468.935316
549.424745 447.786465
591.394321 505.808984
591.394321 505.808984
5
664.186618 364.292566
543.040505 340.548246
482.168471 239.753537
563.450362 86.089439
746.970626 127.729661
4
303.582313 581.111987
237.369230 479.607470
412.562661 420.926676
437.314619 486.826846
5
143.951590 565.264616
73.290681 518.180202
90.053032 453.368375
127.356697 434.828685
200.965145 487.218204
4
98.474809 132.599610
19.077845 89.869909
87.325692 17.133349
127.922488 43.718449
5
760.513388 309.066440
699.519864 270.690679
740.512363 221.964778
789.545368 265.022079
789.584582 266.902637
5
391.629906 78.592620
333.774899 79.964258
318.504394 56.447845
334.873137 9.163927
390.512569 10.433982
5
91.678025 232.915469
35.964322 239.456218
17.171564 188.584097
61.633031 157.194917
104.374029 201.751739
6
708.879355 454.749035
662.476440 471.646898
635.057442 421.284642
670.416322 391.683606
714.845518 425.346355
715.468245 432.463517
6
527.065585 126.265829
498.764956 124.742243
468.836309 71.791617
490.272763 40.326314
526.198441 34.400117
553.197622 52.077455
5
575.529678 463.840376
543.743602 442.375857
539.006158 415.636748
568.972240 381.603330
622.693259 421.445638
6
510.680155 453.381416
460.025047 443.147760
446.948508 421.245251
450.955293 385.502456
510.706168 363.344889
532.605964 380.264813
4
616.068366 557.792591
603.576038 489.935022
642.724526 466.542882
688.330891 488.607910
6
99.229738 351.522440
69.435074 372.782790
40.593561 369.320717
19.548243 348.748114
32.792969 291.935652
56.997459 282.896074
3
660.723562 301.584463
638.990915 260.929821
681.738350 225.046273
6
701.327546 106.889967
650.348431 95.605394
647.731346 46.430754
674.140734 28.217829
700.302663 31.055576
723.625423 59.128013
5
477.048486 571.648870
424.148989 579.349430
405.681475 545.932598
436.653763 505.956857
470.595349 512.970849
5
708.899418 378.782708
686.807076 318.840924
719.812816 299.901721
753.376324 316.078313
761.421761 340.266697
4
178.355640 584.139398
157.571928 548.897369
216.405497 496.217396
254.346155 535.872276
4
30.626377 464.687121
32.202322 390.186579
82.952257 396.911407
96.101629 427.894017
3
174.849944 93.720390
242.682161 27.165021
265.883192 68.785229
5
437.662865 130.646553
403.759686 120.665849
391.920227 73.141755
420.134444 47.474418
448.292682 49.270244
4
722.116762 591.167774
700.687282 527.650219
772.610293 541.221096
774.065127 552.010034
5
140.183739 439.433259
110.313047 378.240256
144.896396 351.190856
197.058136 393.842979
197.101132 395.813425
3
717.597298 434.813732
738.346954 360.950516
794.739265 404.083525
5
481.658181 186.297235
445.051557 171.908212
436.033116 146.806690
460.124716 109.792683
515.552723 139.091398
4
235.931138 208.805930
199.804320 191.696777
194.360286 145.311294
221.373544 121.417650
